# Made in Blockbench 5.0.4
mtllib bucket.mtl

o lf
v -6.123233995736766e-17 0.5617060544826271 -0.20654570924249574
v -2.296212748401287e-17 0.2598542337672932 -0.12566475764795795
v -2.296212748401287e-17 0.24367804344838565 -0.18603512179102474
v -6.123233995736766e-17 0.5455298641637194 -0.26691607338556245
v -0.12500000000000003 0.2598509985292294 -0.12567683172078656
v -0.12500000000000006 0.5617028192445632 -0.20655778331532434
v -0.18750000000000006 0.5455266289256557 -0.2669281474583911
v -0.18750000000000003 0.24367480821032184 -0.18604719586385335
v -0.18750000000000003 0.2598509985292294 -0.12567683172078656
v -0.18750000000000006 0.5617028192445632 -0.20655778331532434
v -0.18750000000000003 0.308379569485952 0.05543426070841374
v -0.18750000000000006 0.6102313902012859 -0.02544669088612403
v -0.12500000000000003 0.27602718884813693 -0.0653064675777198
v -0.12500000000000006 0.5778790095634708 -0.14618741917225755
v -0.25000000000000006 0.6102313902012859 -0.02544669088612403
v -0.25 0.308379569485952 0.05543426070841374
v -0.25000000000000006 0.5617028192445632 -0.20655778331532434
v -0.25 0.2598509985292294 -0.12567683172078656
v -0.18750000000000006 0.5778790095634708 -0.14618741917225755
v -0.18750000000000003 0.27602718884813693 -0.0653064675777198
vt 0.1328125 0.8515625
vt 0.1328125 0.7734375
vt 0.1484375 0.7734375
vt 0.1484375 0.8515625
vt 0.1796875 0.765625
vt 0.1796875 0.6875
vt 0.2109375 0.6875
vt 0.2109375 0.765625
vt 0.1484375 0.765625
vt 0.1484375 0.6875
vt 0.1640625 0.6875
vt 0.1640625 0.765625
vt 0.1640625 0.765625
vt 0.1640625 0.6875
vt 0.1796875 0.6875
vt 0.1796875 0.765625
vt 0.1640625 0.7734375
vt 0.1640625 0.8515625
vt 0.1484375 0.8515625
vt 0.1484375 0.7734375
vt 0.1484375 0.6875
vt 0.1484375 0.765625
vt 0.1171875 0.765625
vt 0.1171875 0.6875
vt 0.1640625 0.9453125
vt 0.1796875 0.9453125
vt 0.1640625 0.9609375
vt 0.1484375 0.9609375
vt 0.1640625 0.9609375
vt 0.1796875 0.9453125
vt 0.1796875 0.9609375
vt 0.1640625 0.9765625
vt 0.2109375 0.8515625
vt 0.2109375 0.7734375
vt 0.2578125 0.7734375
vt 0.2578125 0.8515625
vt 0.0390625 0.8515625
vt 0.0390625 0.7734375
vt 0.0859375 0.7734375
vt 0.0859375 0.8515625
vt 0.1484375 0.9140625
vt 0.1640625 0.9140625
vt 0.1640625 0.9453125
vt 0.1484375 0.9609375
vt 0.2734375 0.9609375
vt 0.2890625 0.9453125
vt 0.2890625 0.9140625
vt 0.2734375 0.9140625
vt 0.3359375 0.976559375
vt 0.3359375 0.960934375
vt 0.3046875 0.9609375
vt 0.2890625 0.9765625
vt 0.1640625 0.9765625
vt 0.1796875 0.9609375
vt 0.2109375 0.960934375
vt 0.2109375 0.976559375
vt 0.2890625 0.9609375
vt 0.3046875 0.9453125
vt 0.2890625 0.9453125
vt 0.2734375 0.9609375
vt 0.3046875 0.9609375
vt 0.3046875 0.9453125
vt 0.2890625 0.9609375
vt 0.2890625 0.9765625
vn -1 -1.1829179713786696e-16 3.1696191514317656e-17
vn -0.00009999999949998903 0.2588190438084257 0.9659258214594393
vn 0 0.25881904510252085 0.9659258262890683
vn 1 1.1829179713786696e-16 -3.1696191514317656e-17
vn 0 -0.25881904510252085 -0.9659258262890683
vn 1 1.1829179713786696e-16 -3.1696191514317656e-17
vn -1.2246467991473532e-16 0.9659258262890683 -0.25881904510252085
vn -1.2246467991473532e-16 0.9659258262890683 -0.25881904510252085
vn 0.00006666666651851119 -0.2588190445273674 -0.9659258241425666
vn -1 -1.1829179713786696e-16 3.1696191514317656e-17
vn -1.2246467991473532e-16 0.9659258262890683 -0.25881904510252085
vn 1.2246467991473532e-16 -0.9659258262890683 0.25881904510252085
vn 1.2246467991473532e-16 -0.9659258262890683 0.25881904510252085
vn -1.2246467991473532e-16 0.9659258262890683 -0.25881904510252085
vn 1.2246467991473532e-16 -0.9659258262890683 0.25881904510252085
vn 1.2246467991473532e-16 -0.9659258262890683 0.25881904510252085
usemtl m_843bc7a2-532e-1775-67fb-a0cbb6239848
f 7/1/1 8/2/1 9/3/1 10/4/1
f 6/5/2 5/6/2 2/7/2 1/8/2
f 19/9/3 20/10/3 13/11/3 14/12/3
f 14/13/4 13/14/4 5/15/4 6/16/4
f 18/17/5 17/18/5 10/19/5 9/20/5
f 20/21/6 19/22/6 12/23/6 11/24/6
f 19/25/7 14/26/7 10/27/7 17/28/7
f 10/29/8 14/30/8 6/31/8 7/32/8
f 4/33/9 3/34/9 8/35/9 7/36/9
f 17/37/10 18/38/10 16/39/10 15/40/10
f 15/41/11 12/42/11 19/43/11 17/44/11
f 18/45/12 20/46/12 11/47/12 16/48/12
f 3/49/13 2/50/13 5/51/13 8/52/13
f 7/53/14 6/54/14 1/55/14 4/56/14
f 9/57/15 13/58/15 20/59/15 18/60/15
f 5/61/16 13/62/16 9/63/16 8/64/16
o rf
v 0.1874875 0.6102313902012859 -0.025446690886123946
v 0.1874875 0.3083795694859521 0.0554342607084138
v 0.2499875 0.30837956948595213 0.05543426070841381
v 0.2499875 0.6102313902012859 -0.02544669088612392
v 0.18750000000000003 0.276027188848137 -0.06530646757771974
v 0.18750000000000003 0.5778790095634708 -0.14618741917225744
v 0.25000000000000006 0.5617028192445632 -0.20655778331532423
v 0.25000000000000006 0.25985099852922944 -0.1256768317207865
v 0.18750000000000006 0.25985099852922944 -0.12567683172078653
v 0.18750000000000006 0.5617028192445632 -0.20655778331532423
v 4.163336342344337e-17 0.25985099852922944 -0.12567683172078656
v 4.163336342344337e-17 0.5617028192445632 -0.2065577833153243
v 0.12500000000000003 0.276027188848137 -0.06530646757771974
v 0.12500000000000003 0.5778790095634708 -0.1461874191722575
v 5.551115123125783e-17 0.5455266289256557 -0.266928147458391
v 5.551115123125783e-17 0.2436748082103219 -0.18604719586385335
v 0.18750000000000006 0.5455266289256557 -0.266928147458391
v 0.18750000000000006 0.2436748082103219 -0.1860471958638533
v 0.12500000000000006 0.5617028192445632 -0.2065577833153243
v 0.12500000000000006 0.25985099852922944 -0.12567683172078653
vt 0.2578125 0.8515625
vt 0.2578125 0.7734375
vt 0.2734375 0.7734375
vt 0.2734375 0.8515625
vt 0.2734375 0.765625
vt 0.2734375 0.6875
vt 0.3046875 0.6875
vt 0.3046875 0.765625
vt 0.2421875 0.765625
vt 0.2421875 0.6875
vt 0.2578125 0.6875
vt 0.2578125 0.765625
vt 0.2578125 0.765625
vt 0.2578125 0.6875
vt 0.2734375 0.6875
vt 0.2734375 0.765625
vt 0.2890625 0.7734375
vt 0.2890625 0.8515625
vt 0.2734375 0.8515625
vt 0.2734375 0.7734375
vt 0.2421875 0.6875
vt 0.2421875 0.765625
vt 0.2109375 0.765625
vt 0.2109375 0.6875
vt 0.2421875 0.9609375
vt 0.2421875 0.9453125
vt 0.2578125 0.9609375
vt 0.2578125 0.9765625
vt 0.2578125 0.9609375
vt 0.2421875 0.9453125
vt 0.2578125 0.9453125
vt 0.2734375 0.9609375
vt 0.3359375 0.8515625
vt 0.3359375 0.7734375
vt 0.3828125 0.7734375
vt 0.3828125 0.8515625
vt 0.1640625 0.8515625
vt 0.1640625 0.7734375
vt 0.2109375 0.7734375
vt 0.2109375 0.8515625
vt 0.2109375 0.9765625
vt 0.2109375 0.9609375
vt 0.2421875 0.9609375
vt 0.2578125 0.9765625
vt 0.3984375 0.9609375
vt 0.3828125 0.9453125
vt 0.3828125 0.9140625
vt 0.3984375 0.9140625
vt 0.3359375 0.976559375
vt 0.3359375 0.960934375
vt 0.3671875 0.9609375
vt 0.3828125 0.9765625
vt 0.2734375 0.9609375
vt 0.2578125 0.9453125
vt 0.2578125 0.9140625
vt 0.2734375 0.9140625
vt 0.3828125 0.9609375
vt 0.3671875 0.9453125
vt 0.3828125 0.9453125
vt 0.3984375 0.9609375
vt 0.3671875 0.9609375
vt 0.3671875 0.9453125
vt 0.3828125 0.9609375
vt 0.3828125 0.9765625
vn 2.220446049250313e-16 -0.25881904510252074 -0.9659258262890683
vn -0.9999999950000001 -0.00002588190438089718 -0.00009659258214614779
vn -1 -5.746937261686308e-17 -2.144786184852406e-16
vn -2.220446049250313e-16 0.25881904510252074 0.9659258262890683
vn 1 5.746937261686308e-17 2.144786184852406e-16
vn -2.220446049250313e-16 0.25881904510252074 0.9659258262890683
vn 0 0.9659258262890683 -0.25881904510252074
vn 0 0.9659258262890683 -0.25881904510252074
vn 0.9999999977777778 0.000017254602968546723 0.00006439505494304516
vn 2.220446049250313e-16 -0.25881904510252074 -0.9659258262890683
vn 0 0.9659258262890683 -0.25881904510252074
vn 0 -0.9659258262890683 0.25881904510252074
vn 0 -0.9659258262890683 0.25881904510252074
vn 0 0.9659258262890683 -0.25881904510252074
vn 0 -0.9659258262890683 0.25881904510252074
vn 0 -0.9659258262890683 0.25881904510252074
usemtl m_843bc7a2-532e-1775-67fb-a0cbb6239848
f 27/65/17 28/66/17 29/67/17 30/68/17
f 26/69/18 25/70/18 22/71/18 21/72/18
f 39/73/19 40/74/19 33/75/19 34/76/19
f 34/77/20 33/78/20 25/79/20 26/80/20
f 38/81/21 37/82/21 30/83/21 29/84/21
f 40/85/22 39/86/22 32/87/22 31/88/22
f 39/89/23 34/90/23 30/91/23 37/92/23
f 30/93/24 34/94/24 26/95/24 27/96/24
f 24/97/25 23/98/25 28/99/25 27/100/25
f 37/101/26 38/102/26 36/103/26 35/104/26
f 35/105/27 32/106/27 39/107/27 37/108/27
f 38/109/28 40/110/28 31/111/28 36/112/28
f 23/113/29 22/114/29 25/115/29 28/116/29
f 27/117/30 26/118/30 21/119/30 24/120/30
f 29/121/31 33/122/31 40/123/31 38/124/31
f 25/125/32 33/126/32 29/127/32 28/128/32
o rb
v 0 0.6587567259199447 0.1556523274702477
v 0 0.35690490520461093 0.23653327906478544
v 0 0.3730810955235185 0.29690364320785223
v 0 0.6749329162388524 0.2160226916133145
v 0.125 0.3569081404426747 0.23654535313761407
v 0.125 0.6587599611580086 0.15566440154307634
v 0.1875 0.6749361514769161 0.2160347656861431
v 0.1875 0.37308433076158226 0.29691571728068084
v 0.1875 0.3569081404426747 0.23654535313761407
v 0.1875 0.6587599611580086 0.15566440154307634
v 0.1875 0.3083795694859521 0.05543426070841376
v 0.1875 0.6102313902012859 -0.025446690886123974
v 0.125 0.34073195012376717 0.1761749889945473
v 0.125 0.6425837708391011 0.09529403740000957
v 0.25 0.6102313902012859 -0.025446690886123974
v 0.25 0.3083795694859521 0.05543426070841376
v 0.25 0.6587599611580086 0.15566440154307634
v 0.25 0.3569081404426747 0.23654535313761407
v 0.1875 0.6425837708391011 0.09529403740000957
v 0.1875 0.34073195012376717 0.1761749889945473
vt 0.3828125 0.8515625
vt 0.3828125 0.7734375
vt 0.3984375 0.7734375
vt 0.3984375 0.8515625
vt 0.3671875 0.765625
vt 0.3671875 0.6875
vt 0.3984375 0.6875
vt 0.3984375 0.765625
vt 0.3359375 0.765625
vt 0.3359375 0.6875
vt 0.3515625 0.6875
vt 0.3515625 0.765625
vt 0.3515625 0.765625
vt 0.3515625 0.6875
vt 0.3671875 0.6875
vt 0.3671875 0.765625
vt 0.4140625 0.7734375
vt 0.4140625 0.8515625
vt 0.3984375 0.8515625
vt 0.3984375 0.7734375
vt 0.3359375 0.6875
vt 0.3359375 0.765625
vt 0.3046875 0.765625
vt 0.3046875 0.6875
vt 0.2578125 0.8828125
vt 0.2421875 0.8828125
vt 0.2578125 0.8671875
vt 0.2734375 0.8671875
vt 0.2578125 0.8671875
vt 0.2421875 0.8828125
vt 0.2421875 0.8671875
vt 0.2578125 0.8515625
vt 0.4609375 0.8515625
vt 0.4609375 0.7734375
vt 0.5078125 0.7734375
vt 0.5078125 0.8515625
vt 0.2890625 0.8515625
vt 0.2890625 0.7734375
vt 0.3359375 0.7734375
vt 0.3359375 0.8515625
vt 0.2734375 0.9140625
vt 0.2578125 0.9140625
vt 0.2578125 0.8828125
vt 0.2734375 0.8671875
vt 0.3984375 0.8671875
vt 0.3828125 0.8828125
vt 0.3828125 0.9140625
vt 0.3984375 0.9140625
vt 0.3359375 0.851565625
vt 0.3359375 0.867190625
vt 0.3671875 0.8671875
vt 0.3828125 0.8515625
vt 0.2578125 0.8515625
vt 0.2421875 0.8671875
vt 0.2109375 0.867190625
vt 0.2109375 0.851565625
vt 0.3828125 0.8671875
vt 0.3671875 0.8828125
vt 0.3828125 0.8828125
vt 0.3984375 0.8671875
vt 0.3671875 0.8671875
vt 0.3671875 0.8828125
vt 0.3828125 0.8671875
vt 0.3828125 0.8515625
vn 1 0 0
vn 0.00009999999949998902 -0.2588190438084256 -0.9659258214594393
vn 0 -0.25881904510252074 -0.9659258262890683
vn -1 0 0
vn 0 0.25881904510252074 0.9659258262890683
vn -1 0 0
vn 0 0.9659258262890683 -0.25881904510252074
vn 0 0.9659258262890683 -0.25881904510252074
vn -0.00006666666651851117 0.2588190445273673 0.9659258241425666
vn 1 0 0
vn 0 0.9659258262890683 -0.25881904510252074
vn 0 -0.9659258262890683 0.25881904510252074
vn 0 -0.9659258262890683 0.25881904510252074
vn 0 0.9659258262890683 -0.25881904510252074
vn 0 -0.9659258262890683 0.25881904510252074
vn 0 -0.9659258262890683 0.25881904510252074
usemtl m_843bc7a2-532e-1775-67fb-a0cbb6239848
f 47/129/33 48/130/33 49/131/33 50/132/33
f 46/133/34 45/134/34 42/135/34 41/136/34
f 59/137/35 60/138/35 53/139/35 54/140/35
f 54/141/36 53/142/36 45/143/36 46/144/36
f 58/145/37 57/146/37 50/147/37 49/148/37
f 60/149/38 59/150/38 52/151/38 51/152/38
f 59/153/39 54/154/39 50/155/39 57/156/39
f 50/157/40 54/158/40 46/159/40 47/160/40
f 44/161/41 43/162/41 48/163/41 47/164/41
f 57/165/42 58/166/42 56/167/42 55/168/42
f 55/169/43 52/170/43 59/171/43 57/172/43
f 58/173/44 60/174/44 51/175/44 56/176/44
f 43/177/45 42/178/45 45/179/45 48/180/45
f 47/181/46 46/182/46 41/183/46 44/184/46
f 49/185/47 53/186/47 60/187/47 58/188/47
f 45/189/48 53/190/48 49/191/48 48/192/48
o lb
v -0.1874875 0.6102313902012859 -0.025446690886123946
v -0.1874875 0.3083795694859521 0.0554342607084138
v -0.2499875 0.30837956948595213 0.05543426070841381
v -0.2499875 0.6102313902012859 -0.02544669088612392
v -0.18749999999999997 0.34073195012376717 0.17617498899454734
v -0.18749999999999997 0.6425837708391011 0.0952940374000096
v -0.24999999999999994 0.6587599611580086 0.1556644015430764
v -0.24999999999999994 0.3569081404426747 0.23654535313761413
v -0.18749999999999994 0.3569081404426747 0.2365453531376141
v -0.18749999999999994 0.6587599611580086 0.15566440154307637
v 4.163336342344337e-17 0.3569081404426747 0.23654535313761407
v 4.163336342344337e-17 0.6587599611580086 0.15566440154307634
v -0.12499999999999997 0.34073195012376717 0.1761749889945473
v -0.12499999999999997 0.6425837708391011 0.09529403740000959
v 5.551115123125783e-17 0.6749361514769161 0.2160347656861431
v 5.551115123125783e-17 0.37308433076158226 0.29691571728068084
v -0.18749999999999994 0.6749361514769161 0.21603476568614316
v -0.18749999999999994 0.37308433076158226 0.2969157172806809
v -0.12499999999999996 0.6587599611580086 0.15566440154307637
v -0.12499999999999996 0.3569081404426747 0.2365453531376141
vt 0.5078125 0.8515625
vt 0.5078125 0.7734375
vt 0.5234375 0.7734375
vt 0.5234375 0.8515625
vt 0.0859375 0.765625
vt 0.0859375 0.6875
vt 0.1171875 0.6875
vt 0.1171875 0.765625
vt 0.4296875 0.765625
vt 0.4296875 0.6875
vt 0.4453125 0.6875
vt 0.4453125 0.765625
vt 0.0703125 0.765625
vt 0.0703125 0.6875
vt 0.0859375 0.6875
vt 0.0859375 0.765625
vt 0.0390625 0.7734375
vt 0.0390625 0.8515625
vt 0.0234375 0.8515625
vt 0.0234375 0.7734375
vt 0.4296875 0.6875
vt 0.4296875 0.765625
vt 0.3984375 0.765625
vt 0.3984375 0.6875
vt 0.1796875 0.8671875
vt 0.1796875 0.8828125
vt 0.1640625 0.8671875
vt 0.1640625 0.8515625
vt 0.1640625 0.8671875
vt 0.1796875 0.8828125
vt 0.1640625 0.8828125
vt 0.1484375 0.8671875
vt 0.0859375 0.8515625
vt 0.0859375 0.7734375
vt 0.1328125 0.7734375
vt 0.1328125 0.8515625
vt 0.4140625 0.8515625
vt 0.4140625 0.7734375
vt 0.4609375 0.7734375
vt 0.4609375 0.8515625
vt 0.2109375 0.8515625
vt 0.2109375 0.8671875
vt 0.1796875 0.8671875
vt 0.1640625 0.8515625
vt 0.2734375 0.8671875
vt 0.2890625 0.8828125
vt 0.2890625 0.9140625
vt 0.2734375 0.9140625
vt 0.3359375 0.851565625
vt 0.3359375 0.867190625
vt 0.3046875 0.8671875
vt 0.2890625 0.8515625
vt 0.1484375 0.8671875
vt 0.1640625 0.8828125
vt 0.1640625 0.9140625
vt 0.1484375 0.9140625
vt 0.2890625 0.8671875
vt 0.3046875 0.8828125
vt 0.2890625 0.8828125
vt 0.2734375 0.8671875
vt 0.3046875 0.8671875
vt 0.3046875 0.8828125
vt 0.2890625 0.8671875
vt 0.2890625 0.8515625
vn 2.220446049250313e-16 0.25881904510252074 0.9659258262890683
vn 0.9999999950000001 0.00002588190438078224 0.00009659258214571882
vn 1 -5.746937261686308e-17 -2.144786184852406e-16
vn -2.220446049250313e-16 -0.25881904510252074 -0.9659258262890683
vn -1 5.746937261686308e-17 2.144786184852406e-16
vn -2.220446049250313e-16 -0.25881904510252074 -0.9659258262890683
vn 0 0.9659258262890683 -0.25881904510252074
vn 0 0.9659258262890683 -0.25881904510252074
vn -0.9999999977777778 -0.000017254602968431784 -0.0000643950549426162
vn 2.220446049250313e-16 0.25881904510252074 0.9659258262890683
vn 0 0.9659258262890683 -0.25881904510252074
vn 0 -0.9659258262890683 0.25881904510252074
vn 0 -0.9659258262890683 0.25881904510252074
vn 0 0.9659258262890683 -0.25881904510252074
vn 0 -0.9659258262890683 0.25881904510252074
vn 0 -0.9659258262890683 0.25881904510252074
usemtl m_843bc7a2-532e-1775-67fb-a0cbb6239848
f 67/193/49 68/194/49 69/195/49 70/196/49
f 66/197/50 65/198/50 62/199/50 61/200/50
f 79/201/51 80/202/51 73/203/51 74/204/51
f 74/205/52 73/206/52 65/207/52 66/208/52
f 78/209/53 77/210/53 70/211/53 69/212/53
f 80/213/54 79/214/54 72/215/54 71/216/54
f 79/217/55 74/218/55 70/219/55 77/220/55
f 70/221/56 74/222/56 66/223/56 67/224/56
f 64/225/57 63/226/57 68/227/57 67/228/57
f 77/229/58 78/230/58 76/231/58 75/232/58
f 75/233/59 72/234/59 79/235/59 77/236/59
f 78/237/60 80/238/60 71/239/60 76/240/60
f 63/241/61 62/242/61 65/243/61 68/244/61
f 67/245/62 66/246/62 61/247/62 64/248/62
f 69/249/63 73/250/63 80/251/63 78/252/63
f 65/253/64 73/254/64 69/255/64 68/256/64
o lf
v -5.0717703099641785e-17 0.26794232892674696 -0.09547957557642459
v -2.7755575615628914e-17 0.08683123649754665 -0.04695100461970192
v -2.7755575615628914e-17 0.0706550461786391 -0.10732136876276868
v -5.0717703099641785e-17 0.2517661386078394 -0.15584993971949132
v -0.09375 0.08682800125948287 -0.046963078692530524
v -0.09375000000000003 0.2679390936886832 -0.09549164964925319
v -0.15625000000000003 0.2517629033697756 -0.15586201379231993
v -0.15625 0.0706518109405753 -0.10733344283559729
v -0.15625 0.08682800125948285 -0.046963078692530524
v -0.15625000000000003 0.2679390936886832 -0.09549164964925319
v -0.15625 0.12726847705675173 0.10396283166513638
v -0.15625000000000003 0.308379569485952 0.055434260708413716
v -0.09375 0.10300419157839041 0.013407285450536238
v -0.09375000000000003 0.2841152840075908 -0.03512128550618643
v -0.21875000000000003 0.308379569485952 0.055434260708413716
v -0.21875 0.12726847705675173 0.10396283166513638
v -0.21875000000000003 0.2679390936886832 -0.09549164964925319
v -0.21875 0.08682800125948284 -0.046963078692530524
v -0.15625000000000003 0.28411528400759073 -0.0351212855061864
v -0.15625 0.10300419157839041 0.013407285450536238
vt 0.2734375 0.5703125
vt 0.2734375 0.5234375
vt 0.2890625 0.5234375
vt 0.2890625 0.5703125
vt 0.1953125 0.515625
vt 0.1953125 0.4765625
vt 0.21875 0.4765625
vt 0.21875 0.515625
vt 0.1640625 0.515625
vt 0.1640625 0.4765625
vt 0.1796875 0.4765625
vt 0.1796875 0.515625
vt 0.1796875 0.515625
vt 0.1796875 0.4765625
vt 0.1953125 0.4765625
vt 0.1953125 0.515625
vt 0.2734375 0.5234375
vt 0.2734375 0.5703125
vt 0.2578125 0.5703125
vt 0.2578125 0.5234375
vt 0.1640625 0.4765625
vt 0.1640625 0.515625
vt 0.140625 0.515625
vt 0.140625 0.4765625
vt 0.1796875 0.6484375
vt 0.1953125 0.6484375
vt 0.1796875 0.6640625
vt 0.1640625 0.6640625
vt 0.1796875 0.6640625
vt 0.1953125 0.6484375
vt 0.1953125 0.6640625
vt 0.1796875 0.6796875
vt 0.21875 0.5703125
vt 0.21875 0.5234375
vt 0.2578125 0.5234375
vt 0.2578125 0.5703125
vt 0.2890625 0.5703125
vt 0.2890625 0.5234375
vt 0.328125 0.5234375
vt 0.328125 0.5703125
vt 0.1640625 0.625
vt 0.1796875 0.625
vt 0.1796875 0.6484375
vt 0.1640625 0.6640625
vt 0.2734375 0.6640625
vt 0.2890625 0.6484375
vt 0.2890625 0.625
vt 0.2734375 0.625
vt 0.328125 0.6796843749999999
vt 0.328125 0.6640593749999999
vt 0.3046875 0.6640625
vt 0.2890625 0.6796875
vt 0.1796875 0.6796875
vt 0.1953125 0.6640625
vt 0.21875 0.6640593749999999
vt 0.21875 0.6796843749999999
vt 0.2890625 0.6640625
vt 0.3046875 0.6484375
vt 0.2890625 0.6484375
vt 0.2734375 0.6640625
vt 0.3046875 0.6640625
vt 0.3046875 0.6484375
vt 0.2890625 0.6640625
vt 0.2890625 0.6796875
vn -1 -1.1829179713786696e-16 3.1696191514317656e-17
vn -0.00013333333214813356 0.25881904280190715 0.9659258177030611
vn 0 0.25881904510252085 0.9659258262890683
vn 1 1.1829179713786696e-16 -3.1696191514317656e-17
vn 0 -0.25881904510252085 -0.9659258262890683
vn 1 1.1829179713786696e-16 -3.1696191514317656e-17
vn -1.2246467991473532e-16 0.9659258262890683 -0.25881904510252085
vn -1.2246467991473532e-16 0.9659258262890683 -0.25881904510252085
vn 0.00007999999974399125 -0.25881904427429997 -0.9659258231981058
vn -1 -1.1829179713786696e-16 3.1696191514317656e-17
vn -1.2246467991473532e-16 0.9659258262890683 -0.25881904510252085
vn 1.2246467991473532e-16 -0.9659258262890683 0.25881904510252085
vn 1.2246467991473532e-16 -0.9659258262890683 0.25881904510252085
vn -1.2246467991473532e-16 0.9659258262890683 -0.25881904510252085
vn 1.2246467991473532e-16 -0.9659258262890683 0.25881904510252085
vn 1.2246467991473532e-16 -0.9659258262890683 0.25881904510252085
usemtl m_843bc7a2-532e-1775-67fb-a0cbb6239848
f 87/257/65 88/258/65 89/259/65 90/260/65
f 86/261/66 85/262/66 82/263/66 81/264/66
f 99/265/67 100/266/67 93/267/67 94/268/67
f 94/269/68 93/270/68 85/271/68 86/272/68
f 98/273/69 97/274/69 90/275/69 89/276/69
f 100/277/70 99/278/70 92/279/70 91/280/70
f 99/281/71 94/282/71 90/283/71 97/284/71
f 90/285/72 94/286/72 86/287/72 87/288/72
f 84/289/73 83/290/73 88/291/73 87/292/73
f 97/293/74 98/294/74 96/295/74 95/296/74
f 95/297/75 92/298/75 99/299/75 97/300/75
f 98/301/76 100/302/76 91/303/76 96/304/76
f 83/305/77 82/306/77 85/307/77 88/308/77
f 87/309/78 86/310/78 81/311/78 84/312/78
f 89/313/79 93/314/79 100/315/79 98/316/79
f 85/317/80 93/318/80 89/319/80 88/320/80
o lb
v -0.15623749999999997 0.3083795694859521 0.0554342607084138
v -0.15623749999999997 0.12726847705675176 0.10396283166513644
v -0.21873749999999997 0.1272684770567518 0.10396283166513645
v -0.21873749999999997 0.3083795694859521 0.05543426070841381
v -0.15624999999999997 0.1515327625351131 0.19451837787973658
v -0.15624999999999997 0.33264385496431337 0.14598980692301397
v -0.21874999999999997 0.34882004528322097 0.20636017106608073
v -0.21874999999999997 0.16770895285402065 0.25488874202280337
v -0.15624999999999997 0.16770895285402063 0.2548887420228033
v -0.15624999999999997 0.34882004528322097 0.2063601710660807
v 4.163336342344337e-17 0.16770895285402063 0.2548887420228033
v 4.163336342344337e-17 0.34882004528322097 0.20636017106608068
v -0.09374999999999996 0.15153276253511308 0.19451837787973658
v -0.09374999999999996 0.33264385496431337 0.14598980692301394
v 5.551115123125783e-17 0.36499623560212846 0.26673053520914747
v 5.551115123125783e-17 0.18388514317292817 0.31525910616587005
v -0.15624999999999994 0.36499623560212846 0.26673053520914747
v -0.15624999999999994 0.18388514317292817 0.3152591061658701
v -0.09374999999999994 0.34882004528322097 0.20636017106608068
v -0.09374999999999994 0.16770895285402063 0.2548887420228033
vt 0.3828125 0.5703125
vt 0.3828125 0.5234375
vt 0.3984375 0.5234375
vt 0.3984375 0.5703125
vt 0.1171875 0.515625
vt 0.1171875 0.4765625
vt 0.140625 0.4765625
vt 0.140625 0.515625
vt 0.3984375 0.515625
vt 0.3984375 0.4765625
vt 0.4140625 0.4765625
vt 0.4140625 0.515625
vt 0.1015625 0.515625
vt 0.1015625 0.4765625
vt 0.1171875 0.4765625
vt 0.1171875 0.515625
vt 0.3828125 0.5234375
vt 0.3828125 0.5703125
vt 0.3671875 0.5703125
vt 0.3671875 0.5234375
vt 0.3984375 0.4765625
vt 0.3984375 0.515625
vt 0.375 0.515625
vt 0.375 0.4765625
vt 0.1796875 0.6015625
vt 0.1953125 0.6015625
vt 0.1796875 0.5859375
vt 0.1640625 0.5859375
vt 0.1796875 0.5859375
vt 0.1953125 0.6015625
vt 0.1953125 0.5859375
vt 0.1796875 0.5703125
vt 0.328125 0.5703125
vt 0.328125 0.5234375
vt 0.3671875 0.5234375
vt 0.3671875 0.5703125
vt 0.3984375 0.5703125
vt 0.3984375 0.5234375
vt 0.4375 0.5234375
vt 0.4375 0.5703125
vt 0.1640625 0.625
vt 0.1796875 0.625
vt 0.1796875 0.6015625
vt 0.1640625 0.5859375
vt 0.2734375 0.5859375
vt 0.2890625 0.6015625
vt 0.2890625 0.625
vt 0.2734375 0.625
vt 0.328125 0.5703156250000001
vt 0.328125 0.5859406250000001
vt 0.3046875 0.5859375
vt 0.2890625 0.5703125
vt 0.1796875 0.5703125
vt 0.1953125 0.5859375
vt 0.21875 0.5859406250000001
vt 0.21875 0.5703156250000001
vt 0.2890625 0.5859375
vt 0.3046875 0.6015625
vt 0.2890625 0.6015625
vt 0.2734375 0.5859375
vt 0.3046875 0.5859375
vt 0.3046875 0.6015625
vt 0.2890625 0.5859375
vt 0.2890625 0.5703125
vn 2.220446049250313e-16 0.25881904510252074 0.9659258262890683
vn 0.9999999911111113 0.0000345092057069363 0.00012879010902713212
vn 1 -5.746937261686308e-17 -2.144786184852406e-16
vn -2.220446049250313e-16 -0.25881904510252074 -0.9659258262890683
vn -1 5.746937261686308e-17 2.144786184852406e-16
vn -2.220446049250313e-16 -0.25881904510252074 -0.9659258262890683
vn 0 0.9659258262890683 -0.25881904510252074
vn 0 0.9659258262890683 -0.25881904510252074
vn -0.9999999968000002 -0.000020705523541930212 -0.00007727406585579706
vn 2.220446049250313e-16 0.25881904510252074 0.9659258262890683
vn 0 0.9659258262890683 -0.25881904510252074
vn 0 -0.9659258262890683 0.25881904510252074
vn 0 -0.9659258262890683 0.25881904510252074
vn 0 0.9659258262890683 -0.25881904510252074
vn 0 -0.9659258262890683 0.25881904510252074
vn 0 -0.9659258262890683 0.25881904510252074
usemtl m_843bc7a2-532e-1775-67fb-a0cbb6239848
f 107/321/81 108/322/81 109/323/81 110/324/81
f 106/325/82 105/326/82 102/327/82 101/328/82
f 119/329/83 120/330/83 113/331/83 114/332/83
f 114/333/84 113/334/84 105/335/84 106/336/84
f 118/337/85 117/338/85 110/339/85 109/340/85
f 120/341/86 119/342/86 112/343/86 111/344/86
f 119/345/87 114/346/87 110/347/87 117/348/87
f 110/349/88 114/350/88 106/351/88 107/352/88
f 104/353/89 103/354/89 108/355/89 107/356/89
f 117/357/90 118/358/90 116/359/90 115/360/90
f 115/361/91 112/362/91 119/363/91 117/364/91
f 118/365/92 120/366/92 111/367/92 116/368/92
f 103/369/93 102/370/93 105/371/93 108/372/93
f 107/373/94 106/374/94 101/375/94 104/376/94
f 109/377/95 113/378/95 120/379/95 118/380/95
f 105/381/96 113/382/96 109/383/96 108/384/96
o rf
v 0.1562375 0.3083795694859521 0.0554342607084138
v 0.1562375 0.12726847705675176 0.10396283166513644
v 0.2187375 0.1272684770567518 0.10396283166513645
v 0.2187375 0.3083795694859521 0.05543426070841381
v 0.15625000000000003 0.10300419157839046 0.013407285450536266
v 0.15625000000000003 0.2841152840075908 -0.03512128550618637
v 0.21875000000000003 0.2679390936886832 -0.09549164964925311
v 0.21875000000000003 0.08682800125948291 -0.04696307869253047
v 0.15625000000000003 0.0868280012594829 -0.0469630786925305
v 0.15625000000000003 0.2679390936886832 -0.09549164964925314
v 4.163336342344337e-17 0.0868280012594829 -0.046963078692530524
v 4.163336342344337e-17 0.2679390936886832 -0.09549164964925316
v 0.09375000000000003 0.10300419157839044 0.013407285450536252
v 0.09375000000000003 0.2841152840075908 -0.03512128550618637
v 5.551115123125783e-17 0.2517629033697757 -0.15586201379231993
v 5.551115123125783e-17 0.07065181094057535 -0.10733344283559729
v 0.15625000000000006 0.2517629033697757 -0.15586201379231987
v 0.15625000000000006 0.07065181094057535 -0.10733344283559726
v 0.09375000000000003 0.2679390936886832 -0.09549164964925314
v 0.09375000000000003 0.0868280012594829 -0.0469630786925305
vt 0.1640625 0.5703125
vt 0.1640625 0.5234375
vt 0.1796875 0.5234375
vt 0.1796875 0.5703125
vt 0.2734375 0.515625
vt 0.2734375 0.4765625
vt 0.296875 0.4765625
vt 0.296875 0.515625
vt 0.2421875 0.515625
vt 0.2421875 0.4765625
vt 0.2578125 0.4765625
vt 0.2578125 0.515625
vt 0.2578125 0.515625
vt 0.2578125 0.4765625
vt 0.2734375 0.4765625
vt 0.2734375 0.515625
vt 0.1640625 0.5234375
vt 0.1640625 0.5703125
vt 0.1484375 0.5703125
vt 0.1484375 0.5234375
vt 0.2421875 0.4765625
vt 0.2421875 0.515625
vt 0.21875 0.515625
vt 0.21875 0.4765625
vt 0.2578125 0.6484375
vt 0.2421875 0.6484375
vt 0.2578125 0.6640625
vt 0.2734375 0.6640625
vt 0.2578125 0.6640625
vt 0.2421875 0.6484375
vt 0.2421875 0.6640625
vt 0.2578125 0.6796875
vt 0.109375 0.5703125
vt 0.109375 0.5234375
vt 0.1484375 0.5234375
vt 0.1484375 0.5703125
vt 0.1796875 0.5703125
vt 0.1796875 0.5234375
vt 0.21875 0.5234375
vt 0.21875 0.5703125
vt 0.2734375 0.625
vt 0.2578125 0.625
vt 0.2578125 0.6484375
vt 0.2734375 0.6640625
vt 0.3828125 0.6640625
vt 0.3671875 0.6484375
vt 0.3671875 0.625
vt 0.3828125 0.625
vt 0.328125 0.6796843749999999
vt 0.328125 0.6640593749999999
vt 0.3515625 0.6640625
vt 0.3671875 0.6796875
vt 0.2578125 0.6796875
vt 0.2421875 0.6640625
vt 0.21875 0.6640593749999999
vt 0.21875 0.6796843749999999
vt 0.3671875 0.6640625
vt 0.3515625 0.6484375
vt 0.3671875 0.6484375
vt 0.3828125 0.6640625
vt 0.3515625 0.6640625
vt 0.3515625 0.6484375
vt 0.3671875 0.6640625
vt 0.3671875 0.6796875
vn 2.220446049250313e-16 -0.25881904510252074 -0.9659258262890683
vn -0.9999999911111113 -0.000034509205706974605 -0.0001287901090272751
vn -1 -5.746937261686308e-17 -2.144786184852406e-16
vn -2.220446049250313e-16 0.25881904510252074 0.9659258262890683
vn 1 5.746937261686308e-17 2.144786184852406e-16
vn -2.220446049250313e-16 0.25881904510252074 0.9659258262890683
vn 0 0.9659258262890683 -0.25881904510252074
vn 0 0.9659258262890683 -0.25881904510252074
vn 0.9999999968000002 0.000020705523541999174 0.00007727406585605443
vn 2.220446049250313e-16 -0.25881904510252074 -0.9659258262890683
vn 0 0.9659258262890683 -0.25881904510252074
vn 0 -0.9659258262890683 0.25881904510252074
vn 0 -0.9659258262890683 0.25881904510252074
vn 0 0.9659258262890683 -0.25881904510252074
vn 0 -0.9659258262890683 0.25881904510252074
vn 0 -0.9659258262890683 0.25881904510252074
usemtl m_843bc7a2-532e-1775-67fb-a0cbb6239848
f 127/385/97 128/386/97 129/387/97 130/388/97
f 126/389/98 125/390/98 122/391/98 121/392/98
f 139/393/99 140/394/99 133/395/99 134/396/99
f 134/397/100 133/398/100 125/399/100 126/400/100
f 138/401/101 137/402/101 130/403/101 129/404/101
f 140/405/102 139/406/102 132/407/102 131/408/102
f 139/409/103 134/410/103 130/411/103 137/412/103
f 130/413/104 134/414/104 126/415/104 127/416/104
f 124/417/105 123/418/105 128/419/105 127/420/105
f 137/421/106 138/422/106 136/423/106 135/424/106
f 135/425/107 132/426/107 139/427/107 137/428/107
f 138/429/108 140/430/108 131/431/108 136/432/108
f 123/433/109 122/434/109 125/435/109 128/436/109
f 127/437/110 126/438/110 121/439/110 124/440/110
f 129/441/111 133/442/111 140/443/111 138/444/111
f 125/445/112 133/446/112 129/447/112 128/448/112
o rb
v 0 0.3488168100451572 0.20634809699325207
v 0 0.16770571761595685 0.2548766679499747
v 0 0.1838819079348644 0.3152470320930415
v 0 0.3649930003640647 0.2667184611363188
v 0.09375 0.16770895285402063 0.2548887420228033
v 0.09375 0.34882004528322097 0.20636017106608068
v 0.15625 0.36499623560212846 0.26673053520914747
v 0.15625 0.18388514317292817 0.31525910616587005
v 0.15625 0.16770895285402063 0.2548887420228033
v 0.15625 0.34882004528322097 0.20636017106608068
v 0.15625 0.12726847705675176 0.1039628316651364
v 0.15625 0.3083795694859521 0.05543426070841376
v 0.09375 0.15153276253511308 0.19451837787973655
v 0.09375 0.33264385496431337 0.14598980692301392
v 0.21875 0.3083795694859521 0.05543426070841376
v 0.21875 0.12726847705675176 0.1039628316651364
v 0.21875 0.34882004528322097 0.20636017106608068
v 0.21875 0.16770895285402063 0.2548887420228033
v 0.15625 0.33264385496431337 0.14598980692301392
v 0.15625 0.15153276253511308 0.19451837787973655
vt 0.0546875 0.5703125
vt 0.0546875 0.5234375
vt 0.0703125 0.5234375
vt 0.0703125 0.5703125
vt 0.3515625 0.515625
vt 0.3515625 0.4765625
vt 0.375 0.4765625
vt 0.375 0.515625
vt 0.3203125 0.515625
vt 0.3203125 0.4765625
vt 0.3359375 0.4765625
vt 0.3359375 0.515625
vt 0.3359375 0.515625
vt 0.3359375 0.4765625
vt 0.3515625 0.4765625
vt 0.3515625 0.515625
vt 0.4921875 0.5234375
vt 0.4921875 0.5703125
vt 0.4765625 0.5703125
vt 0.4765625 0.5234375
vt 0.3203125 0.4765625
vt 0.3203125 0.515625
vt 0.296875 0.515625
vt 0.296875 0.4765625
vt 0.2578125 0.6015625
vt 0.2421875 0.6015625
vt 0.2578125 0.5859375
vt 0.2734375 0.5859375
vt 0.2578125 0.5859375
vt 0.2421875 0.6015625
vt 0.2421875 0.5859375
vt 0.2578125 0.5703125
vt 0.4375 0.5703125
vt 0.4375 0.5234375
vt 0.4765625 0.5234375
vt 0.4765625 0.5703125
vt 0.0703125 0.5703125
vt 0.0703125 0.5234375
vt 0.109375 0.5234375
vt 0.109375 0.5703125
vt 0.2734375 0.625
vt 0.2578125 0.625
vt 0.2578125 0.6015625
vt 0.2734375 0.5859375
vt 0.3828125 0.5859375
vt 0.3671875 0.6015625
vt 0.3671875 0.625
vt 0.3828125 0.625
vt 0.328125 0.5703156250000001
vt 0.328125 0.5859406250000001
vt 0.3515625 0.5859375
vt 0.3671875 0.5703125
vt 0.2578125 0.5703125
vt 0.2421875 0.5859375
vt 0.21875 0.5859406250000001
vt 0.21875 0.5703156250000001
vt 0.3671875 0.5859375
vt 0.3515625 0.6015625
vt 0.3671875 0.6015625
vt 0.3828125 0.5859375
vt 0.3515625 0.5859375
vt 0.3515625 0.6015625
vt 0.3671875 0.5859375
vt 0.3671875 0.5703125
vn 1 0 0
vn 0.00013333333214813348 -0.25881904280190704 -0.9659258177030611
vn 0 -0.25881904510252074 -0.9659258262890683
vn -1 0 0
vn 0 0.25881904510252074 0.9659258262890683
vn -1 0 0
vn 0 0.9659258262890683 -0.25881904510252074
vn 0 0.9659258262890683 -0.25881904510252074
vn -0.0000799999997439912 0.25881904427429986 0.9659258231981058
vn 1 0 0
vn 0 0.9659258262890683 -0.25881904510252074
vn 0 -0.9659258262890683 0.25881904510252074
vn 0 -0.9659258262890683 0.25881904510252074
vn 0 0.9659258262890683 -0.25881904510252074
vn 0 -0.9659258262890683 0.25881904510252074
vn 0 -0.9659258262890683 0.25881904510252074
usemtl m_843bc7a2-532e-1775-67fb-a0cbb6239848
f 147/449/113 148/450/113 149/451/113 150/452/113
f 146/453/114 145/454/114 142/455/114 141/456/114
f 159/457/115 160/458/115 153/459/115 154/460/115
f 154/461/116 153/462/116 145/463/116 146/464/116
f 158/465/117 157/466/117 150/467/117 149/468/117
f 160/469/118 159/470/118 152/471/118 151/472/118
f 159/473/119 154/474/119 150/475/119 157/476/119
f 150/477/120 154/478/120 146/479/120 147/480/120
f 144/481/121 143/482/121 148/483/121 147/484/121
f 157/485/122 158/486/122 156/487/122 155/488/122
f 155/489/123 152/490/123 159/491/123 157/492/123
f 158/493/124 160/494/124 151/495/124 156/496/124
f 143/497/125 142/498/125 145/499/125 148/500/125
f 147/501/126 146/502/126 141/503/126 144/504/126
f 149/505/127 153/506/127 160/507/127 158/508/127
f 145/509/128 153/510/128 149/511/128 148/512/128
o cuboid
v 0.09375 0.1892642401245298 0.18440825893041934
v 0.09375 0.14073566916780716 0.0032971665012190288
v 0.09375 0.15153276253511308 0.19451837787973655
v 0.09375 0.10300419157839044 0.013407285450536238
v -0.09375 0.1892642401245298 0.18440825893041934
v -0.09375 0.14073566916780716 0.0032971665012190288
v -0.09375 0.15153276253511308 0.19451837787973655
v -0.09375 0.10300419157839044 0.013407285450536238
v -0.15625 0.1892642401245298 0.18440825893041934
v -0.15625 0.14073566916780716 0.0032971665012190288
v -0.15625 0.15153276253511308 0.19451837787973655
v -0.15625 0.10300419157839044 0.013407285450536238
v 0.09375 0.20544043044343735 0.2447786230734861
v -0.09375 0.20544043044343735 0.2447786230734861
v 0.09375 0.16770895285402063 0.2548887420228033
v -0.09375 0.16770895285402063 0.2548887420228033
v 0.15625 0.1892642401245298 0.18440825893041934
v 0.15625 0.15153276253511308 0.19451837787973655
v 0.15625 0.14073566916780716 0.0032971665012190288
v 0.15625 0.10300419157839044 0.013407285450536238
v 0.09375 0.12455947884889962 -0.057073197641847734
v 0.09375 0.0868280012594829 -0.046963078692530524
v -0.09375 0.12455947884889962 -0.057073197641847734
v -0.09375 0.0868280012594829 -0.046963078692530524
vt 0.2109375 0.40625
vt 0.2578125 0.40625
vt 0.2578125 0.453125
vt 0.2109375 0.453125
vt 0.3359375 0.40625
vt 0.3359375 0.453125
vt 0.2890625 0.453125
vt 0.2890625 0.40625
vt 0.1953125 0.453125
vt 0.1953125 0.40625
vt 0.2109375 0.40625
vt 0.2109375 0.453125
vt 0.2734375 0.453125
vt 0.2734375 0.40625
vt 0.2890625 0.40625
vt 0.2890625 0.453125
vt 0.2109375 0.390625
vt 0.2578125 0.390625
vt 0.2578125 0.40625
vt 0.2109375 0.40625
vt 0.3359375 0.46875
vt 0.2890625 0.46875
vt 0.2890625 0.453125
vt 0.3359375 0.453125
vt 0.2734375 0.40625
vt 0.2734375 0.453125
vt 0.2578125 0.453125
vt 0.2578125 0.40625
vt 0.3515625 0.40625
vt 0.3515625 0.453125
vt 0.3359375 0.453125
vt 0.3359375 0.40625
vt 0.2578125 0.46875
vt 0.2109375 0.46875
vt 0.2109375 0.453125
vt 0.2578125 0.453125
vt 0.2890625 0.390625
vt 0.3359375 0.390625
vt 0.3359375 0.40625
vt 0.2890625 0.40625
vn 0 0.9659258262890683 -0.25881904510252074
vn 0 -0.9659258262890683 0.25881904510252074
vn 0 0.9659258262890683 -0.25881904510252074
vn 0 -0.9659258262890683 0.25881904510252074
vn 0 0.9659258262890683 -0.25881904510252074
vn 0 -0.9659258262890683 0.25881904510252074
vn 0 0.9659258262890683 -0.25881904510252074
vn 0 -0.9659258262890683 0.25881904510252074
vn 0 0.9659258262890683 -0.25881904510252074
vn 0 -0.9659258262890683 0.25881904510252074
usemtl m_843bc7a2-532e-1775-67fb-a0cbb6239848
f 165/513/129 161/514/129 162/515/129 166/516/129
f 164/517/130 163/518/130 167/519/130 168/520/130
f 170/521/131 169/522/131 165/523/131 166/524/131
f 171/525/132 172/526/132 168/527/132 167/528/132
f 174/529/133 173/530/133 161/531/133 165/532/133
f 175/533/134 176/534/134 167/535/134 163/536/134
f 177/537/135 179/538/135 162/539/135 161/540/135
f 180/541/136 178/542/136 163/543/136 164/544/136
f 181/545/137 183/546/137 166/547/137 162/548/137
f 184/549/138 182/550/138 164/551/138 168/552/138
o cuboid
v -0.25 0.5579491212176728 0.020914681504316954
v -0.25 0.5417729308987653 -0.03945568263874982
v -0.25 0.49757875707460614 0.0370908718232245
v -0.25 0.48140256675569865 -0.023279492319842277
v -0.3125 0.5579491212176728 0.020914681504316954
v -0.3125 0.5417729308987653 -0.03945568263874982
v -0.3125 0.49757875707460614 0.0370908718232245
v -0.3125 0.48140256675569865 -0.023279492319842277
vt 0.5625 0.78125
vt 0.5625 0.796875
vt 0.546875 0.796875
vt 0.546875 0.78125
vt 0.546875 0.796875
vt 0.5625 0.796875
vt 0.5625 0.8125
vt 0.546875 0.8125
vt 0.578125 0.796875
vt 0.578125 0.8125
vt 0.5625 0.8125
vt 0.5625 0.796875
vt 0.578125 0.78125
vt 0.578125 0.796875
vt 0.5625 0.796875
vt 0.5625 0.78125
vt 0.546875 0.796875
vt 0.53125 0.796875
vt 0.53125 0.78125
vt 0.546875 0.78125
vn -1 0 0
vn 0 0.9659258262890683 -0.25881904510252074
vn 0 -0.9659258262890683 0.25881904510252074
vn 0 0.25881904510252074 0.9659258262890683
vn 0 -0.25881904510252074 -0.9659258262890683
usemtl m_843bc7a2-532e-1775-67fb-a0cbb6239848
f 191/553/139 189/554/139 190/555/139 192/556/139
f 189/557/140 185/558/140 186/559/140 190/560/140
f 188/561/141 187/562/141 191/563/141 192/564/141
f 187/565/142 185/566/142 189/567/142 191/568/142
f 190/569/143 186/570/143 188/571/143 192/572/143
o cuboid
v 0.3125 0.5579491212176728 0.020914681504316954
v 0.3125 0.5417729308987653 -0.03945568263874982
v 0.3125 0.49757875707460614 0.0370908718232245
v 0.3125 0.48140256675569865 -0.023279492319842277
v 0.25 0.5579491212176728 0.020914681504316954
v 0.25 0.5417729308987653 -0.03945568263874982
v 0.25 0.49757875707460614 0.0370908718232245
v 0.25 0.48140256675569865 -0.023279492319842277
vt 0.6328125 0.796875
vt 0.6171875 0.796875
vt 0.6171875 0.78125
vt 0.6328125 0.78125
vt 0.6171875 0.796875
vt 0.6328125 0.796875
vt 0.6328125 0.8125
vt 0.6171875 0.8125
vt 0.6484375 0.796875
vt 0.6484375 0.8125
vt 0.6328125 0.8125
vt 0.6328125 0.796875
vt 0.6484375 0.78125
vt 0.6484375 0.796875
vt 0.6328125 0.796875
vt 0.6328125 0.78125
vt 0.6171875 0.796875
vt 0.6015625 0.796875
vt 0.6015625 0.78125
vt 0.6171875 0.78125
vn 1 0 0
vn 0 0.9659258262890683 -0.25881904510252074
vn 0 -0.9659258262890683 0.25881904510252074
vn 0 0.25881904510252074 0.9659258262890683
vn 0 -0.25881904510252074 -0.9659258262890683
usemtl m_843bc7a2-532e-1775-67fb-a0cbb6239848
f 194/573/144 193/574/144 195/575/144 196/576/144
f 197/577/145 193/578/145 194/579/145 198/580/145
f 196/581/146 195/582/146 199/583/146 200/584/146
f 195/585/147 193/586/147 197/587/147 199/588/147
f 198/589/148 194/590/148 196/591/148 200/592/148
o cuboid
v -0.265625 0.38871929620233814 0.449986640064559
v -0.265625 0.5490412383862454 0.009505724071164495
v -0.265625 0.3299885074032189 0.4286103811067047
v -0.265625 0.4903104495871261 -0.011870534886689803
v -0.296875 0.38871929620233814 0.449986640064559
v -0.296875 0.5490412383862454 0.009505724071164495
v -0.296875 0.3299885074032189 0.4286103811067047
v -0.296875 0.4903104495871261 -0.011870534886689803
vt 0.65625 0.90625
vt 0.53125 0.90625
vt 0.53125 0.890625
vt 0.65625 0.890625
vt 0.65625 0.9140625
vt 0.65625 0.9296875
vt 0.53125 0.9296875
vt 0.53125 0.9140625
vt 0.53125 0.9375
vt 0.53125 0.9296875
vt 0.65625 0.9296875
vt 0.65625 0.9375
vt 0.65625 0.9140625
vt 0.53125 0.9140625
vt 0.53125 0.90625
vt 0.65625 0.90625
vn 1 0 0
vn -1 0 0
vn 0 0.9396926207859083 0.34202014332566877
vn 0 -0.9396926207859083 -0.34202014332566877
usemtl m_843bc7a2-532e-1775-67fb-a0cbb6239848
